.Random.seed <-
c(403L, 10L, 1499440490L, 991586316L, -259112881L, 1423621L, 
1140961724L, -1045162862L, -1295347827L, 743430087L, -1794904914L, 
1504050440L, 991419147L, -190253591L, -1331666248L, -2033425050L, 
289701377L, -1196537709L, 812569410L, -2096222988L, -806225673L, 
-1264275219L, -575753340L, 1221078442L, -969108715L, 250818991L, 
99430838L, -1318369312L, -39680221L, 1947203649L, -99609808L, 
-891627186L, 1595091897L, -480199221L, -184701318L, 2138588028L, 
1862224831L, -144198507L, 244341420L, 630888578L, -1660192675L, 
-2083492009L, 150516286L, 2061809272L, -185608869L, 393860281L, 
-151634680L, 693354422L, -1161681679L, 2132419363L, -854985358L, 
1164595140L, 118094727L, -1454372515L, -469309612L, 1817468282L, 
562563269L, 735042079L, -1194390106L, -828711120L, -1842129453L, 
-1988754447L, -886475488L, -212294722L, -46830647L, -898036869L, 
-1112458934L, -1602366036L, 1923956911L, -647759259L, 1258734108L, 
571538546L, -486440211L, 1068584743L, 1212902222L, 969040808L, 
1278904235L, -807242551L, -1911921448L, 346593670L, 1125707873L, 
2129912307L, 619638882L, -1013446956L, 2077769687L, 384421325L, 
164260196L, 620215626L, 672201909L, 1866542095L, 525944086L, 
858382272L, 930356099L, -1245627999L, 1607361936L, 993457774L, 
-1460580327L, -2008273749L, -867135334L, 1680527452L, -502784673L, 
-937814219L, -2019366196L, 447162402L, 493773437L, -1802287241L, 
875108510L, 992388952L, -665496901L, -336012199L, 1489496040L, 
999166486L, -220146287L, 1671228995L, -845423278L, 572735972L, 
-163209177L, 833825917L, 978293108L, -302768806L, -1182975067L, 
-663958593L, 1842370630L, -884320560L, -129548045L, 1367717393L, 
992849984L, 427045918L, -2083495191L, -1046611941L, -1918504918L, 
-1069067444L, 627843343L, 1342927941L, -859720196L, 537957458L, 
-1494190643L, -62650489L, 1114165870L, -2049998264L, 1533883467L, 
1918100905L, -243623688L, -714859482L, 925326657L, 1119341267L, 
608875138L, -761767756L, -1314105289L, -86217939L, 606609476L, 
1950575978L, 194984405L, -1578266769L, -1377970570L, 553949600L, 
-421536157L, 417990401L, 921441904L, 699265550L, -1725105543L, 
750708235L, -691792070L, -450032068L, -377768577L, -1467099435L, 
-1371466004L, -278853566L, -196972643L, -920855017L, -1900526722L, 
-1802325704L, -1457267173L, 297156473L, 491301320L, 1136842230L, 
-281077711L, -2083745181L, -1703776718L, -513549436L, -14337593L, 
1944277149L, 1984669716L, -37183814L, 2014605061L, -1898537761L, 
-1874465434L, -1882896144L, -1985819629L, -1332608591L, 120577120L, 
-896026114L, -1047192183L, 446667451L, 50505354L, 83063148L, 
1806886639L, -1224154843L, 233742300L, -316346958L, -465462099L, 
-219251609L, -415407218L, -1540135832L, -130170773L, 1969170953L, 
-1810713448L, 561612742L, -1972856031L, 1613346739L, 1091919650L, 
1568747796L, 401899927L, 2123456909L, -1632499548L, -892657014L, 
-1799661323L, -904032433L, -1726433194L, 693297920L, -564496829L, 
1027927521L, -801285808L, 429092782L, -1432287911L, 335913835L, 
754180826L, 1278858140L, -714772577L, -1368303488L, 1222075220L, 
429620712L, 356802298L, -28001456L, -821941204L, 1783179636L, 
250144402L, 1655934560L, 1192846988L, -1368565920L, -1242778910L, 
1811652776L, -1967481652L, -1211022852L, -130246734L, -478922256L, 
-1699129916L, 884618072L, -1407467654L, 281486768L, 796495292L, 
1900047444L, 1681817538L, -1657415904L, -1343548484L, 566365776L, 
1830783458L, 982246760L, -154073780L, -843653892L, -828435726L, 
757803776L, 255303284L, -1396532216L, -1878316614L, -1531139120L, 
681297388L, 491237268L, -540451118L, -389715360L, 1416656204L, 
869962016L, 1188304514L, 1388447208L, 233860076L, 513346108L, 
102049394L, 1838947184L, 987363620L, -2079090120L, -834397798L, 
498916816L, 1712238012L, -514693996L, 341016706L, 447493568L, 
-581060804L, 339282064L, -529286366L, 1324053000L, -1560493812L, 
946194844L, -193238510L, 217767808L, -1625468140L, -2038511320L, 
-1968369606L, -1694895152L, 583214700L, 1071514164L, 897123986L, 
-2036994720L, 1468506444L, -1902865440L, -259808862L, 429621672L, 
461086348L, -1334680132L, 1871225458L, -1203381264L, -307508668L, 
-1883336616L, 251618362L, -1971553168L, 437658684L, -1712280300L, 
405754562L, -1192687904L, 1655999612L, -981191984L, -1700093534L, 
-2128268248L, 2120464140L, 721466812L, -801700046L, 304713408L, 
239196212L, 1418440392L, -1394681670L, 1629037200L, 1123976940L, 
-132537772L, -816628078L, -1810459360L, 1738358220L, 1660268256L, 
-841720638L, -1794470872L, 842957740L, 1617774268L, 67074034L, 
215114288L, 1803615140L, 1838970296L, 2023880538L, -1222223728L, 
-746223748L, 1065866516L, -1708953278L, -712213248L, -626769476L, 
1795870032L, 1787541794L, -232799672L, 1690192908L, 1637204572L, 
-1217661486L, 455638528L, -258199212L, -643541784L, 445724922L, 
1979523792L, 934170412L, 797043956L, -28719726L, -1030481568L, 
-1423063028L, -782538528L, 898246242L, 879505576L, -1232312244L, 
-313034884L, 14929202L, -724320656L, -1091098812L, 370953176L, 
-947335302L, -1336437712L, 1819647932L, -205727148L, -140410814L, 
1913591456L, 631319228L, 1781774288L, 1481840994L, -154141976L, 
1579021516L, 1328220668L, 1950474738L, 810983552L, -315580940L, 
596343432L, -216615110L, 1444686160L, -162633620L, 1581942164L, 
-1079968686L, 1394147808L, -617127732L, 894298784L, 1568907650L, 
-625077016L, 98859756L, 1691296060L, -1709958030L, 2093710960L, 
-2040478172L, 632442936L, 768300314L, -593997616L, -862634692L, 
-1915543660L, -1581652094L, 699129792L, -2139787716L, 947458448L, 
-1414872030L, -365510392L, -819571572L, 493241116L, 1589477522L, 
-20573824L, 1601104916L, -921409752L, -1558385094L, -216694320L, 
-1577856660L, 236466100L, -902175214L, 1875276768L, -1144957492L, 
841901280L, 877869090L, 148619048L, 258917900L, 195091260L, 794074098L, 
-1230941456L, 1649123908L, -1124125096L, 71933754L, 1691417584L, 
-1881502020L, 1822969108L, -2049412926L, 1862583392L, 1739297148L, 
475938768L, 1981671714L, 1769758376L, 166675340L, 1583785148L, 
1475274546L, -1345580480L, 16690356L, 271582280L, -1205793585L, 
-1758112312L, 561581158L, -219428205L, -214396427L, 1046944722L, 
1559904288L, -994522615L, 2023396155L, -120260980L, -2129954022L, 
1030344079L, 976634585L, 1266498926L, -991911684L, 1231686253L, 
-1412975081L, 642651104L, 281362366L, 1331170699L, 1872543245L, 
-1989119430L, 623770232L, -4476383L, -1429205805L, 1036835828L, 
2004405378L, -967600873L, 1399677921L, 1731069222L, -1095637980L, 
1679089365L, 1203182207L, -1456915688L, -1782685130L, 691872963L, 
-616990459L, -853487454L, 1033033360L, 500888121L, -1717720341L, 
-1961034788L, 6684170L, -2016968449L, 127186249L, -1157871906L, 
758910092L, -1674519459L, 245342823L, -794219632L, -1295884370L, 
1171619419L, 1367380541L, -1823599446L, -2035616440L, -32781967L, 
1996979939L, 340522468L, 2032187666L, 1684255975L, 1131713201L, 
1407002870L, 598541076L, 1374211109L, 867793199L, 2034745064L, 
-961795130L, 318140019L, -87465771L, -357930318L, 513434240L, 
-785440151L, -2131552549L, -663485908L, -195323334L, 212853999L, 
1295521657L, -301315058L, -1713217060L, -361991603L, -1286561353L, 
1158479680L, -158644706L, -172756757L, -2146934675L, -1550161702L, 
-562640744L, -1099657471L, -1482926925L, -2084036652L, -71251230L, 
363158391L, -846829887L, -612155834L, 561545604L, 941563701L, 
2059091231L, -214813576L, 60535126L, 485769187L, 660687269L, 
-1394426814L, -1997176272L, 491031129L, -1425450037L, -2039468996L, 
2025149034L, 465293471L, -2058741463L, -880841282L, 1395891372L, 
-723473923L, 619098439L, -2046219728L, 323701582L, -567496837L, 
-483829539L, 433656074L, 411354152L, 1975195793L, -209482621L, 
942144900L, 568482738L, -783334137L, -127721647L, -404312362L, 
1494529972L, 1727231941L, 1006446351L, 284792200L, -1010507610L, 
-1082142637L, 2056550837L, -490623214L, 1362711776L, 1947801929L, 
-1512365189L, 140156492L, -325439526L, -1491112497L, 987077529L, 
1276398510L, -936709956L, -188675795L, -746685737L, 1513513760L, 
1727902846L, 1792587L, -112236467L, -1087592838L, -2082058568L, 
